350
513
263
721
448
501
530
528
894
151
460
404
557
883
747
881
305
600
643
956
621
635
439
480
878
839
686
479
637
622
642
655
998
440
637
768
259
586
792
311
787
793
490
411
529
521
470
803
134
409
494
793
394
240
860
543
530
451
632
968
895
351
615
818
710
896
836
749
425
892
869
478
700
317
127
115
670
408
131
522
220
842
294
357
783
255
564
282
167
243
157
899
756
264
517
401
808
138
867
364
100
913
668
134
440
120
641
774
633
376
908
133
302
956
751
515
840
254
461
490
146
604
690
587
965
706
424
250
600
345
298
331
433
134
967
312
782
740
723
403
927
392
939
191
547
644
843
434
759
723
660
905
778
137
378
600
611
737
799
398
749
373
462
380
441
593
364
532
828
732
768
594
868
248
659
797
988
241
592
636
996
778
686
927
247
502
741
142
128
189
282
618
571
425
588
169
287
674
540
987
982
275
186
968
346
386
244
913
279
367
448
877
727
621
805
567
853
679
941
170
932
147
905
300
956
649
457
430
300
816
964
450
755
498
343
150
915
238
891
607
985
181
914
957
119
614
890
720
177
461
384
426
776
960
932
351
318
862
578
737
209
455
108
710
393
338
516
567
820
400
921
811
688
368
586
846
130
583
399
957
469
572
644
305
128
472
523
830
668
498
800
197
410
587
493
429
933
817
385
875
133
528
205
619
423
953
721
144
736
240
387
254
268
310
409
836
684
575
422
592
406
580
935
173
748
256
464
928
875
549
942
307
731
151
316
196
739
234
126
460
284
740
335
629
643
810
558
598
497
501
874
774
849
519
718
921
437
468
580
495
296
465
227
548
181
625
405
323
682
241
185
819
463
150
612
222
856
440
458
858
132
221
765
391
375
539
888
267
893
229
340
620
669
673
991
635
266
996
507
359
606
727
190
491
705
858
657
987
556
315
789
129
950
480
583
269
498
721
886
591
697
913
525
751
422
231
580
182
427
399
562
935
707
573
117
250
915
993
988
417
393
140
293
663
913
357
209
896
462
281
395
753
687
945
372
485
613
758
849
128
432
677
573
564
686
325
916
252
815
481
932
584
162
578
847
757
519
446
536
499
169
664
187
834
267
618
367
167
940
358
298
115
570
225
979
586
528
459
529
843
426
116
189
320
767
440
162
794
854
861
801
545
617
768
508
802
247
831
767
835
460
378
831
583
271
661
558
432
618
760
932
888
763
868
611
204
112
403
909
507
978
372
655
676
984
496
581
309
504
253
345
770
352
686
346
602
551
221
856
313
271
838
102
830
263
702
111
593
916
650
265
960
928
262
651
154
414
923
137
508
574
812
764
385
589
574
843
411
379
880
936
539
995
860
413
568
437
637
298
759
759
542
387
467
454
307
257
441
950
198
270
695
460
807
367
135
446
790
562
605
472
394
459
152
975
714
150
263
943
215
833
969
342
302
215
623
673
387
600
807
771
468
918
580
775
850
805
444
125
392
748
623
116
772
280
301
582
290
553
473
285
406
314
275
283
240
992
872
549
516
224
449
274
623
365
981
399
127
375
975
812
123
929
184
508
773
582
624
910
897
485
703
345
434
983
842
829
189
312
489
804
199
985
850
264
971
377
238
673
988
198
105
453
624
735
925
228
321
122
369
731
593
326
890
325
229
162
787
902
974
799
798
847
718
664
258
379
935
750
760
808
260
710
936
559
855
132
186
827
657
213
630
888
547
686
408
829
401
807
759
958
707
101
403
432
437
205
981
441
578
396
495
726
587
184
433
634
353
782
304
956
200
824
516
797
827
453
899
962
642
695
826
687
296
917
555
638
234
381
725
220
551
446
817
519
392
677
380
928
812
431
139
601
551
504
739
586
909
459
328
152
155
731
308
522
195
542
835
577
160
484
337
341
463
379
252
141
269
700
563
918
687
121
323
158
107
140
230
752
411
171
767
206
101
879
512
682
967
447
471
628
819
839
993
698
183
680
118
220
592
713
281
708
822
823
638
625
509
630
180
251
959
909
195
381
879
827
512
440
476
773
771
487
482
142
690
907
461
317
492
392
257
748
981
863
406
304
310
421
710
785
204
202
163
292
736
787
523
861
341
314
306
456
588
157
509
226
882
976
176
750
906
571
146
951
115
656
350
108
340
531
272
859
132
626
241
402
910
610
533
281
817
878
698
277
105
248
217
252
731
403
111
255
364
631
515
558
525
152
596
171
647
876
186
897
226
103
640
877
716
167
225
532
882
912
225
736
351
714
957
122
582
197
649
188
286
322
406
685
251
707
342
856
151
504
313
216
715
159
809
330
638
477
303
458
584
259
174
149
232
706
521
517
268
629
599
656
476
308
889
155
566
301
298
714
663
715
661
705
669
875
478
693
874
362
368
794
662
223
172
174
100
455
377
464
338
998
739
929
718
728
423
537
736
791
664
771
220
299
173
451
680
322
170
979
795
975
236
765
579
581
322
758
134
678
526
526
811
536
396
967
790
886
347
624
204
985
239
940
124
909
252
194
384
521
137
284
424
650
595
326
359
426
871
713
757
412
884
812
149
424
538
475
710
962
692
122
996
751
244
256
526
954
404
100
699
125
419
994
342
774
281
819
864
132
305
315
571
469
188
122
765
643
800
885
305
353
722
877
458
843
280
941
721
518
407
369
890
836
235
536
920
193
974
451
690
847
863
525
820
818
533
711
350
646
333
359
803
734
594
214
416
257
810
983
574
207
909
256
359
533
286
441
873
633
431
811
487
608
777
640
177
890
423
673
522
253
675
722
354
344
550
715
357
104
455
457
367
213
644
925
663
132
795
341
543
651
334
998
307
579
245
667
554
114
661
963
408
776
750
214
568
204
330
409
739
521
733
853
878
512
182
429
549
778
669
280
905
613
866
977
775
724
416
323
543
469
549
930
347
966
193
873
691
650
611
298
227
495
208
143
979
385
495
608
226
346
481
564
996
694
913
668
883
191
812
956
777
270
627
387
413
383
194
837
992
799
170
397
351
615
570
665
859
855
853
718
451
980
284
924
973
901
288
153
519
633
569
497
515
771
226
997
973
296
974
378
984
937
471
509
487
658
339
134
976
166
544
283
945
656
343
809
893
424
389
106
504
749
800
329
756
399
654
688
764
306
385
953
569
630
586
319
273
984
497
880
330
268
821
371
834
260
298
807
617
814
567
653
172
944
892
694
378
910
499
896
591
589
829
889
504
663
423
618
436
569
440
409
366
942
768
599
213
103
351
682
846
383
131
456
559
129
421
809
596
272
167
522
963
773
207
284
394
704
598
242
255
661
458
189
992
444
600
854
138
253
873
349
772
527
576
523
633
830
391
119
653
169
336
931
839
834
195
739
515
790
722
450
644
551
839
260
437
871
678
553
143
199
443
159
462
578
832
137
933
134
208
672
928
234
637
359
208
416
340
812
250
342
613
516
262
786
299
375
719
258
759
814
474
529
406
524
761
979
839
217
244
651
262
713
880
609
368
257
193
183
482
701
366
102
836
749
845
290
938
456
750
195
361
561
960
348
661
853
728
386
853
602
594
108
254
213
804
221
318
153
677
686
705
845
101
696
766
344
166
922
814
383
454
175
262
948
104
305
170
523
685
192
965
256
774
965
431
315
218
693
333
842
858
564
609
759
784
521
476
846
523
551
255
906
624
258
618
116
693
459
394
974
106
278
861
405
886
454
355
310
982
574
691
603
924
365
606
784
680
161
156
849
340
763
282
281
293
371
208
765
341
160
853
820
214
388
692
694
814
647
595
233
728
595
115
635
359
296
748
472
858
720
645
819
408
391
367
131
634
722
406
861
259
862
315
201
519
831
375
969
720
747
146
991
924
153
301
823
968
891
668
787
482
592
596
936
442
961
909
730
984
647
372
756
735
155
902
840
974
705
925
587
867
403
365
207
765
318
782
229
232
310
661
238
435
542
170
967
364
679
544
121
496
379
578
648
460
425
728
944
748
846
600
648
763
552
145
900
280
759
302
505
184
862
277
235
856
923
445
360
912
332
868
646
911
344
247
953
562
642
259
219
843
707
281
155
337
885
302
575
972
509
231
532
313
455
745
765
712
913
354
367
878
411
597
409
559
674
426
209
773
967
800
611
615
858
972
497
431
237
993
359
381
741
994
285
592
463
423
800
290
678
152
990
860
275
741
266
286
959
982
402
320
387
506
977
839
307
627
253
822
806
261
838
368
576
527
425
230
325
369
727
319
159
604
848
954
222
113
232
598
212
518
820
838
876
512
974
680
358
198
132
274
891
896
840
331
318
164
309
250
470
239
505
407
787
597
877
456
192
957
619
842
663
124
225
513
979
502
678
310
579
917
928
403
460
432
927
539
404
841
733
893
964
715
741
417
220
382
148
501
503
400
698
401
980
141
163
148
423
790
431
128
407
894
801
776
639
262
824
296
593
430
598
143
378
744
397
255
806
533
916
620
996
135
283
122
512
760
384
448
451
128
899
226
972
941
892
533
731
579
666
828
267
296
992
583
289
421
123
788
269
240
388
925
420
124
648
362
159
141
797
444
780
950
676
961
848
729
348
235
856
945
671
295
767
378
514
273
105
480
407
493
627
321
717
917
531
626
258
169
767
857
949
623
391
423
393
168
129
558
586
333
316
180
141
728
747
800
708
949
204
220
860
420
224
161
330
320
525
853
630
273
842
364
622
902
332
640
765
488
227
664
776
764
686
983
284
791
756
102
928
253
815
154
617
388
398
277
765
141
687
549
726
918
805
599
664
614
461
126
857
722
301
740
744
776
133
370
964
469
848
896
628
389
212
380
771
803
666
603
248
356
875
894
556
808
248
695
441
524
897
878
177
916
205
593
514
772
554
142
375
581
208
450
980
794
333
981
726
201
437
810
988
513
117
235
521
785
840
732
912
572
112
320
994
465
963
113
959
783
543
479
339
713
614
395
406
948
935
846
178
218
952
836
493
573
946
837
972
523
438
302
733
532
437
594
982
943
974
383
188
962
284
953
130
986
215
458
249
697
258
321
418
880
246
761
223
165
449
566
194
860
935
905
680
910
299
967
484
159
530
496
950
510
363
874
425
440
141
520
763
807
428
480
466
627
934
884
956
770
448
992
722
940
130
473
209
453
177
369
109
841
273
915
275
418
813
755
276
145
532
196
920
143
478
823
622
151
229
246
183
934
804
418
575
995
920
707
524
194
694
152
346
639
770
743
926
141
379
402
608
242
396
445
260
272
395
801
851
166
873
765
535
696
144
634
916
839
918
257
686
514
920
778
509
357
507
626
582
796
509
835
745
801
391
903
945
386
891
662
284
304
707
798
419
852
413
399
442
396
303
709
236
234
509
525
603
708
423
482
152
478
568
125
559
212
430
138
158
564
702
727
549
932
454
633
200
638
860
841
793
449
882
209
250
430
260
729
720
197
555
148
601
615
483
267
141
994
216
634
710
741
413
884
327
692
934
101
488
138
330
290
487
914
891
807
111
374
203
439
651
423
515
258
915
831
906
767
603
535
896
500
286
815
199
315
933
575
502
917
663
218
705
133
787
241
809
725
818
897
603
305
635
816
193
646
780
348
908
558
603
953
642
697
703
974
501
142
421
111
810
240
318
886
649
989
979
436
405
358
409
784
503
389
521
787
676
771
792
508
392
147
289
281
361
805
307
451
226
901
510
991
197
664
935
775
388
917
193
614
505
386
411
582
977
901
965
313
905
366
188
313
935
379
976
983
625
394
979
997
565
239
245
103
800
633
575
456
417
145
332
671
491
125
822
349
518
458
346
740
850
318
210
307
555
529
546
689
627
642
982
688
940
741
676
809
593
377
501
565
426
624
235
688
513
596
711
311
550
871
908
418
404
168
480
362
403
217
771
259
963
760
621
552
581
871
758
134
950
878
325
168
255
406
868
550
340
617
842
860
357
454
729
452
316
335
116
407
876
654
459
367
341
955
937
621
320
552
688
485
930
357
578
743
170
851
828
698
226
327
233
964
347
162
311
786
639
972
860
472
662
706
533
115
610
209
814
709
113
661
956
894
796
889
104
488
470
554
186
405
203
427
125
408
138
949
404
109
303
136
541
958
502
387
326
373
316
585
628
515
389
953
728
189
349
842
885
559
412
301
944
776
505
754
989
461
464
458
939
484
519
295
254
437
884
974
406
135
189
967
704
852
923
908
947
383
191
139
482
723
969
149
525
770
406
874
653
267
812
725
205
506
302
651
969
870
858
853
228
313
742
908
908
595
829
805
469
399
512
350
909
648
605
326
781
652
894
901
752
657
883
822
537
383
323
493
366
457
679
581
502
544
110
219
463
168
590
320
511
805
108
502
627
507
279
567
131
265
363
745
807
992
473
510
732
939
685
973
694
206
169
980
396
729
203
576
689
737
696
950
338
689
113
320
267
918
577
563
325
236
435
478
624
729
488
533
398
149
721
804
652
831
913
557
360
997
487
148
762
943
523
559
366
153
765
990
472
396
860
644
823
691
299
934
226
308
576
420
914
692
822
292
998
772
571
340
673
989
995
161
911
157
131
755
987
323
196
749
874
243
447
880
616
213
285
923
899
469
585
129
329
634
884
183
481
744
922
850
218
271
151
874
428
150
481
982
734
905
639
596
182
655
919
414
256
415
256
982
176
896
451
100
176
532
790
741
104
407
827
189
880
776
938
491
408
705
286
950
953
642
471
335
110
654
543
612
517
835
929
141
532
875
308
646
816
866
202
148
402
662
226
459
474
457
167
594
416
838
282
578
811
714
876
234
516
952
630
349
388
366
917
120
316
190
820
663
605
596
396
333
752
773
746
905
286
684
494
995
771
254
528
171
626
255
128
218
181
728
412
505
677
705
300
749
201
237
145
163
688
440
902
419
708
217
248
279
255
348
147
226
570
124
625
813
924
195
712
181
497
945
247
602
649
126
817
109
861
863
114
336
114
984
888
304
657
749
193
334
667
104
884
740
416
489
164
496
816
132
455
522
392
678
543
153
293
977
888
310
875
134
947
235
184
108
758
857
904
604
628
539
481
529
872
848
892
585
301
366
205
820
990
214
474
877
918
246
101
314
757
878
250
622
683
891
912
548
374
750
980
616
809
226
378
515
398
374
346
300
151
393
417
593
249
489
204
247
475
844
184
539
662
480
578
621
245
642
421
570
213
706
973
666
938
947
632
373
599
238
106
947
612
674
552
105
470
655
689
362
105
117
507
483
128
668
910
892
620
596
863
183
935
774
390
854
528
978
113
678
617
464
921
871
314
253
370
100
238
429
505
195
519
295
451
205
185
846
158
821
269
421
156
364
490
534
838
190
597
825
909
425
384
214
524
275
785
670
694
303
248
709
743
779
496
250
397
610
415
670
623
215
868
649
157
719
440
420
833
926
685
873
575
821
925
741
423
872
159
735
437
344
292
954
377
191
768
897
841
609
723
864
947
413
659
715
651
958
810
573
732
493
591
152
807
296
393
477
313
365
587
525
161
895
972
405
862
460
921
924
830
784
624
668
990
232
642
819
772
809
565
816
694
777
542
724
140
537
225
236
818
649
594
207
456
542
239
419
156
304
120
851
219
993
569
905
632
226
181
409
643
141
107
859
660
514
683
607
374
154
721
549
156
936
242
887
545
978
955
737
461
685
769
102
364
896
788
978
600
881
942
491
545
223
405
718
564
514
794
410
622
266
456
122
926
113
238
283
715
720
683
468
901
695
685
614
528
699
355
590
819
128
247
770
307
709
542
474
765
105
231
305
582
413
405
817
923
216
346
322
469
756
595
205
312
866
803
767
820
334
988
788
790
984
868
603
729
436
893
245
907
107
791
818
439
994
207
259
382
234
742
567
512
510
217
766
262
403
507
336
857
657
266
736
195
517
327
190
721
262
223
387
799
624
805
243
987
526
940
870
436
937
883
858
450
336
487
355
205
944
377
271
448
371
370
103
617
637
239
185
968
719
213
122
625
871
252
387
379
337
934
226
908
929
403
593
325
637
742
949
941
641
676
902
506
378
858
792
299
211
565
626
631
792
314
891
480
120
701
836
100
472
797
540
129
125
239
920
567
309
438
518
219
175
948
368
588
254
655
778
818
903
403
104
556
530
917
924
122
665
979
645
366
336
576
370
372
753
376
865
375
810
178
758
258
884
747
472
252
346
273
783
486
639
794
540
422
271
457
848
764
228
257
259
248
450
735
948
921
487
520
875
823
551
286
655
187
425
594
158
645
498
658
367
580
799
558
503
605
105
839
510
772
775
473
950
724
845
666
141
357
192
996
297
991
316
484
180
422
358
452
920
915
803
455
549
990
131
454
440
675
447
485
528
608
461
868
888
745
568
119
135
877
207
267
470
617
805
714
594
958
456
232
727
246
773
706
356
602
592
365
941
811
149
213
469
782
208
853
432
744
123
855
937
228
448
788
855
280
404
370
494
790
435
519
780
121
546
765
786
593
812
306
320
742
228
337
849
938
594
402
443
952
533
435
412
975
733
671
775
903
377
465
171
263
119
828
789
509
500
747
909
764
586
763
532
718
624
688
859
960
783
667
833
851
825
620
840
193
437
887
496
785
383
615
805
937
720
783
781
773
214
595
485
588
188
549
702
902
779
873
817
510
363
317
224
646
244
707
395
973
168
987
721
957
524
758
272
286
946
619
424
810
334
274
107
490
812
289
790
987
444
742
346
580
522
210
347
265
690
982
159
773
973
450
512
860
908
383
889
119
541
109
389
611
180
189
675
646
737
732
975
936
710
193
371
781
947
176
754
384
381
108
549
672
162
254
843
548
547
704
272
824
437
422
321
946
963
932
388
914
719
385
366
156
762
998
848
447
539
539
962
972
337
825
674
466
864
174
267
426
972
737
431
341
444
798
650
680
240
551
965
983
604
573
437
485
264
750
516
871
166
259
120
970
295
584
623
282
202
806
718
297
179
821
878
555
755
855
117
603
990
142
589
749
670
824
590
413
161
541
472
563
231
692
499
886
247
406
369
613
199
411
937
446
295
954
968
419
981
413
729
297
207
668
579
922
489
776
236
321
112
264
771
630
269
585
412
220
399
460
700
790
902
991
911
245
176
252
666
102
311
451
338
619
232
908
584
248
722
518
210
754
646
435
856
491
569
295
854
515
463
374
779
363
939
183
255
583
819
243
629
852
598
685
748
114
497
121
302
162
634
242
806
909
141
643
206
104
421
823
668
528
962
662
427
723
994
485
406
220
210
275
726
601
662
971
741
651
305
941
527
670
328
136
936
954
134
932
112
626
189
387
939
630
274
786
828
637
310
699
749
469
992
359
573
579
730
236
133
685
924
801
818
942
520
487
217
974
947
694
282
798
901
209
608
230
892
132
964
116
619
207
359
200
357
626
299
465
794
125
454
442
716
669
993
149
720
221
379
131
246
498
163
753
481
632
418
825
610
121
571
899
391
768
881
970
866
120
632
953
991
790
449
132
386
526
151
307
354
160
604
567
821
539
495
646
986
162
779
273
136
240
622
875
117
437
626
681
790
308
519
251
417
482
813
184
355
454
416
358
101
205
287
711
594
217
585
417
784
133
757
789
129
597
433
416
606
318
591
954
881
721
354
701
661
791
141
809
161
158
107
373
761
352
218
531
846
632
312
673
445
598
895
976
263
203
399
845
618
730
813
342
565
212
954
323
558
390
110
886
784
509
633
575
540
122
396
694
276
116
549
192
769
948
854
665
310
883
449
426
114
309
537
353
660
250
938
791
180
719
979
671
894
815
112
594
672
921
761
165
981
776
216
862
128
749
877
599
558
602
529
474
134
730
415
910
919
328
646
321
543
188
926
237
528
812
720
744
455
527
359
320
263
877
758
237
138
810
787
522
643
523
408
902
200
851
431
529
499
805
878
299
840
303
994
835
488
188
956
825
618
399
326
292
657
935
944
520
757
874
995
209
413
591
616
480
446
989
750
326
454
564
953
423
398
323
377
175
167
122
739
949
611
610
796
634
392
150
893
671
108
235
151
714
118
740
892
923
367
216
987
143
155
307
604
375
869
238
920
548
996
558
429
793
620
412
741
920
265
252
928
442
820
379
205
442
816
521
677
414
498
182
609
310
231
661
288
815
532
369
152
950
223
396
972
874
207
813
728
253
855
575
650
134
406
647
901
452
518
762
714
832
721
159
455
918
340
519
823
104
530
302
737
254
210
612
668
456
776
195
508
714
847
564
937
580
755
430
794
975
444
948
384
829
587
419
889
428
759
105
558
251
530
738
355
589
856
402
267
170
165
943
423
228
992
692
778
654
757
683
291
866
711
431
662
807
771
427
168
802
608
659
855
479
905
171
706
157
352
754
191
372
958
108
344
957
186
918
616
405
846
269
419
882
749
756
102
944
252
865
241
256
787
750
109
925
645
795
543
665
651
137
675
618
127
990
632
816
778
257
528
812
576
619
915
872
834
124
939
325
912
481
175
641
850
916
580
260
890
231
618
590
567
326
342
266
496
649
621
518
599
186
427
172
912
730
346
810
254
667
130
810
666
355
601
647
595
426
164
732
589
580
770
361
807
742
392
201
836
141
932
939
517
163
485
607
458
478
947
236
192
661
403
325
317
306
289
937
982
567
575
842
483
600
825
575
210
222
929
292
574
574
606
715
523
582
889
392
898
557
193
637
542
456
845
774
727
906
141
497
780
959
464
835
118
716
827
432
332
815
201
663
237
298
766
353
532
548
913
922
970
849
584
841
543
530
306
880
229
332
222
419
634
592
454
322
475
139
590
895
338
102
369
501
316
410
403
283
513
376
921
390
563
813
770
743
544
674
137
948
348
436
602
707
156
886
308
630
532
530
380
877
232
834
908
679
359
591
485
915
852
717
995
294
538
102
384
753
389
295
839
656
954
445
631
905
645
887
812
164
343
869
919
855
703
109
321
309
981
569
195
240
225
109
682
474
975
303
617
571
732
754
755
670
145
781
238
954
833
770
495
813
755
667
914
402
501
362
789
718
711
896
587
643
909
854
774
670
542
604
506
884
970
716
369
882
646
807
553
471
949
184
663
163
636
687
209
451
337
785
436
654
251
366
379
650
810
713
808
502
597
885
650
795
110
735
544
674
235
405
256
953
717
414
764
146
636
304
470
382
710
671
227
710
671
847
958
390
123
138
392
583
505
534
855
863
552
861
978
312
401
867
249
112
270
465
279
611
870
479
683
732
850
285
288
774
922
637
815
992
106
719
756
246
384
189
697
986
403
272
688
754
817
621
456
824
397
581
834
320
631
667
989
732
601
156
951
411
976
655
111
600
295
261
231
910
482
100
318
294
416
727
511
996
348
178
445
512
309
577
436
866
118
441
434
569
715
596
423
361
693
948
958
521
426
682
746
657
766
527
540
877
349
353
448
129
971
105
274
555
134
206
544
922
599
449
352
270
677
547
782
669
712
124
732
784
798
841
157
743
752
551
507
930
954
249
809
538
238
118
669
610
936
645
750
612
297
890
766
618
359
247
695
835
863
417
906
439
150
388
998
631
443
717
955
729
789
517
905
509
144
210
718
373
456
811
897
703
392
221
619
684
990
528
967
190
609
364
814
774
968
239
555
450
609
498
500
731
455
122
651
571
936
195
297
659
782
195
718
230
463
381
929
989
957
530
407
303
612
325
635
657
615
576
973
977
576
490
256
795
757
568
601
160
540
383
914
204
943
126
597
639
442
550
970
594
833
152
925
403
925
108
102
201
691
873
675
244
753
325
578
534
195
811
401
812
511
675
488
800
527
762
761
259
100
122
970
707
521
914
251
232
301
435
142
162
407
148
418
277
876
412
729
788
772
487
176
572
515
783
943
943
823
998
691
699
556
115
547
423
234
757
184
424
241
126
232
651
998
136
568
548
279
307
571
820
534
671
338
337
227
686
731
522
792
408
564
866
609
292
961
782
789
758
654
407
254
706
487
981
450
591
401
660
194
897
681
244
728
356
713
522
563
392
183
317
459
509
211
214
503
122
394
958
539
379
325
126
552
444
371
634
155
210
329
557
869
524
895
273
597
361
806
643
631
842
779
831
931
843
114
409
503
854
251
970
617
131
111
202
458
309
332
451
996
487
754
959
715
321
874
691
484
264
277
939
310
531
149
450
141
695
811
934
609
621
896
119
512
871
621
501
654
258
961
451
550
783
240
412
181
780
894
654
675
958
551
610
349
455
794
114
518
130
744
302
491
571
300
145
170
623
730
743
243
243
580
577
420
831
216
682
445
342
167
612
456
232
352
776
902
282
134
131
678
356
612
205
544
418
123
522
517
619
875
426
339
548
253
758
288
761
904
655
541
515
779
861
106
276
459
473
273
151
584
802
842
711
771
883
475
523
320
259
611
767
272
776
682
548
919
307
303
448
169
376
103
411
159
312
405
119
589
965
198
895
950
579
384
376
639
323
812
595
268
846
415
751
665
630
982
395
755
232
979
890
694
804
535
520
870
895
573
878
103
384
549
887
650
743
994
316
140
877
136
421
119
409
196
446
391
630
678
226
861
388
632
406
283
194
111
392
827
480
932
446
740
292
559
311
568
408
175
937
464
808
645
822
586
700
151
563
382
458
734
498
369
437
230
965
385
611
995
158
838
428
392
995
576
777
275
262
520
758
260
881
560
464
430
326
240
805
257
817
476
782
252
750
782
141
381
332
451
258
287
472
671
762
465
508
803
259
439
270
558
493
555
534
145
568
392
176
241
984
345
124
472
938
512
386
632
787
334
649
603
435
196
874
744
968
500
739
138
937
786
542
691
516
510
365
248
743
572
558
298
431
399
620
490
427
238
586
264
519
811
130
938
125
433
184
446
119
349
989
258
949
375
836
832
734
408
392
368
959
309
654
240
660
184
202
675
647
988
138
554
716
763
291
158
701
739
714
276
823
549
219
653
263
843
463
973
692
489
763
369
500
430
719
927
117
891
599
211
540
170
503
935
877
653
795
714
956
927
115
612
797
940
278
913
492
880
304
682
425
288
779
788
760
251
788
876
715
714
370
168
575
482
295
365
943
557
834
689
469
251
537
699
868
397
359
531
432
832
559
627
638
909
823
676
169
217
504
316
199
550
715
272
643
676
794
308
236
301
726
297
479
611
927
570
593
395
685
741
830
331
520
722
416
312
926
165
132
260
966
969
926
925
727
402
890
951
878
749
231
713
140
507
500
967
337
486
411
696
111
270
370
645
369
305
546
538
459
551
403
180
517
652
886
940
958
506
968
467
287
926
348
606
148
996
552
987
571
602
416
659
258
323
887
959
497
329
781
748
740
112
982
259
640
708
228
148
914
747
408
482
402
290
264
281
998
127
920
423
950
863
256
783
871
791
212
277
155
392
914
392
674
946
635
290
390
159
828
654
372
978
127
525
762
596
663
762
120
549
335
502
502
214
157
861
797
284
529
446
827
482
285
805
717
731
137
641
947
888
675
440
928
430
553
179
293
108
601
548
245
619
686
152
379
550
372
173
996
887
771
413
822
248
211
723
765
921
348
834
494
440
180
414
562
336
876
200
570
638
496
698
659
463
250
543
196
975
855
598
570
541
931
605
902
303
343
127
964
754
502
159
123
353
613
882
136
475
326
256
302
403
850
234
377
141
653
866
901
401
259
948
219
956
302
323
226
144
644
712
949
491
336
303
958
315
966
953
212
443
578
493
843
616
288
771
646
757
551
623
662
358
560
534
526
437
444
780
624
800
895
281
209
383
628
117
618
639
439
860
795
245
271
627
223
593
129
578
468
382
338
354
888
844
207
248
463
447
270
247
295
507
424
862
471
758
374
488
684
467
248
911
403
221
571
154
913
289
177
554
451
104
784
777
764
882
998
282
618
685
362
233
326
505
764
850
218
534
479
462
912
707
268
664
763
284
138
597
706
358
136
534
585
405
986
367
123
222
772
759
359
697
312
188
643
260
429
881
222
459
481
765
859
877
389
124
927
294
235
766
928
641
358
325
943
464
159
348
731
350
740
801
609
807
784
533
682
115
725
920
312
274
895
373
834
693
303
274
618
654
151
352
474
676
108
957
803
383
536
914
610
334
431
509
560
574
405
507
286
561
972
281
858
603
385
488
378
967
418
216
200
425
955
141
866
432
555
764
705
935
611
380
274
990
965
483
897
176
981
750
827
834
269
573
884
564
359
652
569
241
293
852
872
177
473
652
739
369
792
695
221
843
287
848
197
275
456
654
959
217
333
704
256
443
366
763
910
111
791
479
251
640
900
684
584
556
187
107
450
829
380
837
456
584
868
609
304
600
429
248
621
857
663
743
972
912
673
577
610
796
765
715
585
450
808
834
986
179
669
716
616
740
312
780
476
108
762
259
586
177
775
671
600
275
947
920
821
558
690
511
304
459
146
921
828
423
697
398
195
954
825
799
868
155
606
190
257
397
416
951
144
783
323
526
287
545
343
852
518
286
860
279
868
740
578
983
638
408
894
118
189
126
978
620
642
313
826
520
261
733
275
164
951
450
340
747
300
250
937
718
495
615
952
179
273
419
403
146
804
704
935
884
925
545
765
354
183
323
824
638
335
709
764
297
148
789
150
959
773
809
804
689
672
722
465
890
251
679
606
771
595
938
249
655
988
466
871
981
886
376
803
787
640
648
698
397
555
122
189
571
758
437
796
579
456
421
159
786
578
696
189
625
744
974
871
616
255
661
472
895
452
680
716
459
997
456
411
698
714
358
778
982
556
928
762
626
763
554
207
683
788
651
761
681
346
237
480
743
991
971
322
852
871
622
779
108
464
500
622
201
460
580
218
824
675
263
483
690
864
922
380
704
316
470
567
561
293
870
957
110
169
674
645
127
439
849
417
378
739
906
609
762
402
760
318
419
115
738
836
588
859
226
447
977
654
590
426
489
622
315
975
112
914
877
172
110
386
187
129
658
784
190
227
619
750
309
440
171
269
229
689
638
773
744
811
748
543
242
907
779
796
313
506
712
772
842
783
922
937
866
882
565
673
406
333
737
347
433
779
972
959
768
309
645
779
630
658
431
386
468
621
641
207
837
164
520
904
824
694
950
300
491
129
748
270
820
748
581
442
435
454
347
290
252
507
897
748
833
842
269
585
164
146
816
707
547
759
688
206
647
450
217
173
422
651
321
830
817
241
410
577
526
340
511
133
580
198
698
914
550
689
134
104
435
769
138
358
166
389
940
451
296
159
370
681
883
723
818
524
325
336
201
104
366
711
455
133
703
493
719
981
995
424
442
656
190
759
412
912
685
749
316
863
737
540
398
935
804
712
471
988
462
345
592
827
538
915
865
939
714
914
175
338
400
231
597
320
956
860
730
216
897
166
853
105
463
602
669
713
576
889
424
599
820
728
459
867
631
177
251
460
749
332
528
308
938
430
359
872
212
118
999
140
544
365
678
303
365
945
896
578
537
374
353
578
560
374
109
454
262
416
314
250
125
833
417
323
568
984
540
957
257
919
306
328
104
851
837
489
723
987
130
406
588
804
633
511
640
410
201
744
318
301
734
410
293
107
707
620
412
326
319
268
199
766
895
280
790
723
645
169
230
919
572
848
922
324
209
403
869
138
895
157
821
320
479
125
823
261
770
661
652
719
187
365
763
469
684
755
281
708
459
418
638
275
816
515
289
409
110
254
779
386
322
846
821
881
244
216
114
661
389
484
250
332
616
311
340
874
393
897
375
926
176
701
821
343
113
589
778
299
876
756
728
798
481
987
312
635
611
526
819
895
980
472
503
848
953
635
239
699
104
993
474
672
663
414
979
484
159
656
232
675
213
622
528
938
761
795
575
427
441
223
211
364
750
454
708
892
335
321
285
913
549
947
281
232
902
655
752
992
817
167
182
347
776
432
995
727
687
666
245
267
883
134
559
795
875
825
367
487
636
317
929
328
114
787
934
217
765
819
266
762
550
122
504
372
176
416
323
198
191
441
601
130
609
800
840
880
198
293
705
335
636
980
185
418
176
493
958
223
418
816
505
600
691
480
611
297
108
246
589
380
110
701
285
982
280
761
369
144
963
151
123
421
310
632
699
471
763
947
546
419
839
815
306
445
931
496
857
928
409
868
979
808
207
678
143
624
934
458
856
330
363
679
666
644
851
652
832
151
936
619
665
661
975
314
774
425
435
176
580
121
538
248
233
855
117
901
191
573
792
970
592
718
321
459
326
773
411
890
378
504
296
562
579
725
510
134
935
330
983
168
856
500
382
150
232
390
520
659
409
554
403
265
553
859
390
430
860
623
870
699
200
670
724
649
112
767
171
139
800
218
434
967
288
300
388
536
789
663
935
192
857
429
800
488
833
847
783
953
545
465
431
206
296
233
236
518
321
214
446
779
161
336
819
553
915
637
118
491
983
910
446
411
215
542
992
162
905
902
225
914
643
756
834
893
786
892
567
760
801
473
540
359
314
381
453
347
850
394
629
276
704
591
443
133
854
496
172
124
997
287
332
645
406
289
407
115
426
255
582
713
820
667
245
636
601
770
676
601
638
347
782
898
634
942
397
752
623
850
157
678
108
948
312
568
396
879
825
235
749
262
708
998
664
798
243
935
581
543
220
505
845
302
970
316
647
467
157
329
169
544
848
780
530
579
894
973
632
566
613
887
525
527
395
869
527
631
828
593
624
894
600
320
765
963
775
664
233
537
671
507
579
848
422
145
918
309
379
210
768
545
556
467
353
913
299
294
505
609
859
732
934
817
926
143
956
629
449
401
952
429
429
152
346
535
237
674
360
920
822
316
483
620
350
543
274
728
191
455
835
284
530
851
791
189
145
685
604
206
821
188
110
683
243
921
661
280
975
916
894
182
929
258
114
286
863
594
308
839
693
880
541
586
776
143
721
369
406
689
506
355
726
888
858
387
132
452
129
985
801
647
335
323
891
210
597
934
335
172
319
629
732
396
821
902
190
844
393
524
754
857
879
654
961
890
921
980
956
178
512
527
952
279
636
416
233
644
941
180
693
392
106
555
632
105
543
891
280
997
340
484
937
816
302
797
368
862
448
391
851
773
996
632
750
486
269
690
390
761
429
823
596
244
612
455
916
291
984
721
140
952
298
217
957
799
267
205
239
625
188
894
911
513
784
475
935
271
331
777
317
729
140
221
400
329
867
763
441
247
875
630
349
179
484
431
825
856
975
574
847
754
793
995
276
172
110
402
932
636
978
869
409
564
196
599
156
526
550
355
164
129
689
710
799
618
385
703
559
289
939
542
899
802
540
134
459
932
581
481
836
397
784
415
358
121
836
677
528
578
978
921
816
334
837
921
539
344
480
529
396
912
422
479
822
454
488
924
891
730
348
172
923
314
822
629
830
219
113
131
331
903
919
762
818
205
105
427
559
963
588
601
332
637
601
305
868
897
850
807
990
721
294
934
491
244
871
931
869
387
821
663
608
934
731
507
712
557
602
758
479
832
231
711
787
781
245
235
340
126
298
139
663
271
552
938
517
129
347
115
921
441
537
117
815
384
429
962
624
133
346
194
881
202
135
577
800
104
734
846
654
167
882
594
123
271
847
827
250
297
367
436
692
474
799
300
647
730
667
281
642
384
461
978
457
286
351
893
938
764
490
669
516
127
593
202
838
378
162
680
318
196
623
225
823
183
303
646
273
627
360
360
530
566
913
555
582
758
393
111
140
110
437
305
331
271
527
306
400
984
233
819
668
952
997
226
291
217
926
187
815
549
815
858
559
278
961
127
216
166
514
437
880
683
691
472
531
921
594
144
225
905
262
127
528
949
687
265
341
146
472
666
532
448
201
643
769
407
735
847
927
181
501
562
161
657
166
269
134
681
843
657
873
697
860
901
395
636
271
639
537
263
948
861
242
345
833
366
451
713
344
224
441
164
490
315
527
696
910
169
921
291
310
426
292
797
115
423
643
360
382
125
438
899
863
147
869
241
489
750
556
328
105
463
818
960
217
135
604
241
971
740
146
398
599
825
395
790
685
762
367
220
625
526
604
180
347
467
304
255
148
217
931
288
993
826
650
820
283
779
267
317
975
682
564
460
679
610
353
700
911
794
938
153
499
633
222
991
202
448
405
989
253
832
475
884
827
118
987
541
955
545
629
269
144
500
890
570
915
621
915
707
561
154
796
236
564
315
358
177
274
521
712
515
799
971
227
142
568
297
686
740
280
825
653
124
624
994
877
806
112
620
860
184
499
711
359
320
217
332
237
467
755
183
494
586
749
822
372
628
953
414
985
242
530
183
301
472
354
178
322
807
899
850
863
570
774
161
861
789
201
577
945
117
998
875
111
477
373
900
174
273
247
670
405
107
480
356
292
781
543
321
999
473
927
214
395
353
737
257
716
837
842
338
356
786
374
987
814
947
208
799
841
530
323
407
673
668
494
781
292
625
789
815
716
893
493
984
243
194
284
857
201
579
498
591
885
333
240
987
260
324
251
856
502
350
368
816
271
603
647
550
934
251
708
269
191
992
496
239
758
163
423
494
972
679
550
209
369
236
737
679
856
725
270
454
221
287
710
674
813
727
876
582
658
458
898
627
261
709
609
419
324
804
466
780
400
410
705
509
263
644
517
281
330
985
344
136
329
529
571
406
143
816
441
628
870
912
525
707
216
794
383
309
358
834
845
227
533
434
829
109
575
148
285
831
518
628
728
355
583
946
553
972
958
247
329
998
541
476
531
775
848
140
573
648
630
450
752
894
183
410
304
823
415
274
281
317
192
451
138
445
551
472
834
279
765
666
464
913
915
473
772
129
538
525
186
961
208
374
512
867
740
424
314
274
573
312
667
831
693
636
569
514
221
311
505
614
944
787
763
682
553
971
978
326
559
796
962
220
432
220
569
453
505
846
947
932
923
459
361
653
108
891
630
867
833
160
719
108
760
410
598
503
500
889
137
519
709
264
374
425
909
684
705
504
958
614
333
480
751
694
577
951
259
811
812
750
542
967
872
624
579
161
293
391
670
139
611
225
563
529
150
513
236
560
381
969
639
238
297
403
205
773
504
115
422
467
873
924
198
707
409
564
820
567
146
331
966
177
762
519
960
335
631
390
544
282
207
564
968
533
544
404
178
451
398
910
271
318
152
158
358
289
850
510
232
445
572
652
819
296
424
953
303
543
742
693
575
288
930
277
572
675
269
241
605
835
413
758
349
451
812
949
319
680
849
982
692
926
674
833
753
431
280
295
993
328
896
968
670
514
853
782
657
984
881
894
795
547
540
241
955
939
498
171
977
262
469
426
530
696
638
327
573
594
577
198
785
813
720
783
800
109
676
100
689
531
871
553
881
229
790
134
368
637
530
644
711
510
288
627
676
468
752
515
487
538
959
997
569
810
605
159
606
973
465
463
610
367
787
733
803
965
682
458
490
688
814
430
491
195
731
641
241
471
652
580
639
536
530
420
673
901
782
229
572
729
439
117
571
683
344
913
402
222
776
659
111
163
384
353
216
612
720
861
409
876
591
815
878
595
839
634
100
540
626
519
724
310
193
648
898
888
259
602
657
629
812
918
107
926
861
945
669
235
156
100
469
636
236
742
748
789
990
213
477
773
881
962
449
976
836
125
478
821
704
728
632
971
791
976
754
120
248
520
302
396
823
105
360
156
386
172
603
922
178
730
341
891
708
525
342
654
158
881
770
378
891
751
955
914
467
991
175
880
436
665
347
386
316
393
746
588
419
476
248
407
448
974
443
708
367
570
679
408
626
407
145
271
680
506
324
549
875
820
207
772
552
262
248
887
598
509
618
648
460
690
503
180
685
396
279
358
514
338
111
326
493
477
146
308
609
461
329
167
676
422
795
254
415
538
520
423
579
718
517
865
176
142
494
337
720
971
246
321
828
756
890
138
447
297
273
603
356
416
610
254
831
489
908
568
627
430
434
138
616
214
584
844
497
404
568
686
268
294
423
778
665
372
809
955
578
681
201
304
115
209
533
816
499
599
586
948
189
284
427
705
949
952
635
366
163
267
935
642
789
200
478
277
831
510
681
939
262
346
414
152
412
661
192
925
361
301
507
562
638
375
235
347
351
919
462
704
590
846
531
227
372
302
697
945
184
758
330
191
987
540
365
763
329
237
739
291
766
417
880
672
511
553
851
296
408
210
353
766
167
105
611
414
545
762
541
403
560
971
214
468
391
887
467
232
466
937
433
161
109
970
564
725
832
115
410
570
125
148
947
669
477
209
460
978
716
780
128
125
228
809
573
625
927
864
704
968
724
913
823
838
621
245
910
964
930
598
200
477
654
814
608
128
140
704
538
388
926
917
136
507
160
394
800
379
760
600
367
550
111
804
546
333
902
362
834
764
774
702
993
241
349
613
221
679
583
915
443
415
340
234
138
672
638
290
837
702
177
997
718
807
374
402
157
434
361
489
203
800
838
435
506
161
845
558
119
922
340
776
703
163
456
860
755
293
775
815
996
836
137
480
676
926
858
945
884
403
292
166
760
932
390
983
983
884
761
682
836
990
363
979
286
234
441
186
636
744
973
675
207
937
130
975
829
684
788
427
902
802
675
163
966
118
506
309
808
312
434
275
474
942
574
655
650
810
790
380
869
176
190
318
789
434
774
602
471
304
877
840
836
337
793
859
966
151
106
669
735
629
569
143
411
286
236
674
998
863
915
134
606
516
653
121
848
230
330
101
268
536
656
337
493
130
987
848
584
624
325
163
449
257
218
599
420
417
340
871
975
293
551
127
122
297
172
598
394
610
447
483
640
268
536
924
310
120
124
270
242
420
991
702
750
430
389
570
321
995
834
200
882
482
497
622
497
301
900
130
493
284
422
901
374
650
485
172
336
182
497
763
303
318
949
903
562
304
670
536
955
130
763
709
314
584
873
179
820
441
308
129
836
158
698
352
866
461
742
258
330
576
349
248
639
438
394
915
468
379
589
290
885
209
438
945
629
333
505
903
119
459
380
515
236
118
280
497
677
679
944
129
994
817
120
527
425
601
735
260
165
757
286
525
520
433
237
378
435
377
140
408
421
851
849
830
949
550
674
615
223
298
385
492
922
578
819
724
858
915
188
406
654
520
526
145
161
394
518
454
307
140
475
208
127
418
739
665
621
482
157
870
390
454
300
928
980
805
825
827
899
794
382
360
345
931
222
105
985
262
869
475
526
405
426
841
225
343
149
327
661
448
868
417
464
683
972
831
808
569
108
981
441
888
608
593
394
768
491
264
833
310
475
895
849
724
107
806
816
388
448
812
434
178
824
223
803
803
864
575
948
438
180
982
107
753
374
885
358
869
835
981
144
653
516
552
491
654
441
233
570
723
205
422
686
118
562
714
313
323
474
200
696
672
662
917
363
337
396
191
383
822
945
421
902
323
482
420
149
317
300
276
910
374
341
595
890
468
107
552
471
768
125
131
681
550
589
210
862
789
216
344
911
356
927
191
407
158
126
381
635
281
162
927
514
402
501
260
417
449
662
132
554
144
663
312
268
612
830
511
918
102
535
969
814
982
862
405
579
524
725
736
847
778
598
866
852
997
158
327
830
495
229
807
306
214
796
476
584
634
436
693
192
674
381
935
256
636
580
368
382
159
282
321
456
229
983
222
234
612
842
289
312
168
246
736
122
509
952
631
573
525
413
188
516
897
796
920
173
264
570
388
174
641
642
268
123
310
229
867
697
704
485
460
906
799
755
859
565
653
156
875
473
551
521
740
733
468
647
811
183
725
403
210
877
286
438
778
139
438
450
636
709
820
602
831
691
255
298
296
296
229
341
538
118
879
798
287
768
528
772
924
323
817
991
383
686
860
862
825
189
576
944
368
700
188
191
152
575
528
527
968
544
654
982
244
167
452
605
560
521
425
237
747
306
931
765
241
982
131
861
780
243
670
505
376
717
447
659
644
519
255
252
751
786
985
250
600
857
587
603
523
782
103
928
616
803
635
181
618
794
834
653
766
773
310
858
733
108
499
174
330
485
957
505
346
966
259
899
213
980
692
448
819
780
914
662
905
456
968
145
482
464
966
975
134
492
415
422
899
123
580
840
892
704
902
834
477
326
938
167
229
684
522
316
356
447
356
931
550
311
677
671
996
151
504
754
765
618
640
893
458
450
265
800
457
373
903
314
221
973
901
615
996
906
843
851
310
215
534
460
297
375
767
662
809
355
253
397
696
367
613
555
983
468
290
958
104
181
427
598
949
864
945
482
754
319
736
636
256
131
654
698
768
900
280
610
563
868
912
819
576
766
496
416
939
729
104
239
697
550
242
175
608
518
819
465
853
616
513
195
820
102
529
735
757
298
399
127
429
846
567
880
437
596
867
670
687
164
145
955
846
109
777
571
811
953
879
832
385
305
370
813
266
365
720
535
258
465
676
200
572
910
515
461
302
654
131
980
540
711
741
913
484
692
721
155
669
950
372
549
957
445
158
884
292
378
201
803
100
652
886
273
936
973
505
154
107
145
258
992
819
478
331
140
184
856
330
791
736
840
441
241
875
693
278
588
370
638
543
374
928
537
406
944
352
986
507
286
756
499
136
166
356
617
222
633
683
432
477
300
883
213
157
874
361
985
103
484
392
230
430
127
591
843
517
602
381
113
908
163
898
408
864
543
603
731
560
935
849
793
111
450
197
359
876
860
692
736
232
337
859
887
297
821
767
568
636
378
369
635
228
240
229
994
