998
998
998
997
997
997
995
994
994
993
992
991
990
990
989
988
988
988
986
985
984
984
979
978
977
975
970
970
969
969
968
967
967
966
963
962
962
960
959
958
957
955
954
950
948
947
947
947
946
945
945
944
944
942
942
941
940
940
937
935
935
934
933
933
933
932
931
930
929
928
928
927
925
923
922
917
915
915
913
913
912
911
911
910
908
907
907
907
906
906
905
905
904
902
901
899
898
898
897
897
894
894
893
892
892
891
890
889
887
886
886
885
884
881
881
880
880
880
880
880
879
879
878
878
873
870
870
869
869
867
866
863
860
859
858
858
854
853
852
849
848
846
846
845
844
844
843
843
842
838
838
837
836
835
834
834
833
833
832
832
828
828
827
824
822
822
821
820
820
818
818
817
817
817
816
816
815
814
813
812
811
808
808
805
805
802
800
799
799
799
799
798
798
798
796
796
793
793
793
793
793
791
788
787
786
785
784
783
782
782
782
780
780
779
777
777
776
775
775
775
773
773
773
771
770
769
768
768
768
767
766
766
763
761
760
758
757
757
757
755
754
754
753
753
752
751
751
751
750
749
749
745
745
743
742
741
738
738
738
737
737
735
735
734
733
733
733
732
732
730
730
730
730
729
728
726
726
726
725
724
720
718
718
718
716
713
712
711
711
711
710
710
709
708
708
708
708
708
707
706
706
703
701
698
697
695
695
695
694
693
692
685
685
684
683
683
682
681
681
679
678
676
675
675
675
674
674
673
673
673
672
672
671
670
668
668
666
665
664
663
663
663
662
661
661
661
661
661
660
659
659
657
656
656
655
654
653
650
650
649
649
649
646
646
645
641
640
639
639
638
637
636
634
632
631
631
629
628
626
626
624
624
623
623
621
619
619
618
617
616
614
614
613
612
608
606
606
605
605
605
604
603
600
599
598
598
598
598
597
596
596
596
596
595
595
594
594
593
593
593
592
591
590
589
588
587
586
585
585
584
583
583
581
581
581
581
580
577
576
576
576
576
575
575
574
574
574
573
573
570
569
569
568
568
567
566
563
563
562
562
561
559
558
558
558
556
556
556
556
555
554
554
554
553
553
553
552
548
547
547
546
545
545
543
540
539
539
539
538
537
535
535
534
532
532
530
530
530
528
527
526
526
525
524
522
521
521
521
521
520
516
516
516
515
515
513
513
513
513
512
511
510
509
509
508
507
507
506
506
505
504
503
503
502
501
501
501
500
499
498
498
497
496
494
489
487
487
486
485
485
484
482
482
481
480
480
479
479
477
476
475
473
470
470
470
469
468
467
466
466
464
461
461
461
458
457
454
454
454
451
450
449
449
447
447
446
445
444
443
442
441
440
440
440
439
439
438
438
437
437
436
435
434
431
429
427
426
425
425
424
424
422
422
421
421
420
419
417
415
411
411
410
410
409
409
408
408
408
407
406
406
405
404
402
402
400
399
397
395
395
394
394
393
391
391
391
386
386
385
385
383
381
381
380
379
379
378
378
376
376
375
374
373
373
373
372
371
370
369
369
368
367
367
366
366
365
364
363
363
363
361
361
360
356
355
353
351
350
350
350
346
346
345
345
344
343
342
341
340
339
338
338
337
336
335
334
334
333
333
332
331
331
330
330
329
329
327
323
322
321
321
320
320
320
319
317
317
315
314
314
311
311
310
309
307
307
306
306
305
305
304
303
301
301
300
300
299
298
297
296
296
295
292
291
291
289
288
286
286
285
285
285
282
280
280
278
277
277
276
275
274
273
272
272
272
272
269
268
266
266
266
266
266
264
262
262
262
260
260
259
257
256
256
255
254
252
248
247
247
246
245
244
244
243
243
242
241
241
241
241
241
240
239
238
237
235
235
234
233
232
232
232
231
230
227
226
225
224
224
223
223
223
223
222
221
221
220
220
218
218
218
218
218
215
212
212
211
211
210
209
208
208
207
205
204
202
202
199
199
199
198
196
195
194
193
193
192
191
188
188
187
186
186
186
186
185
184
184
183
182
182
181
180
178
178
177
176
176
176
176
176
173
173
172
172
172
172
171
171
170
169
167
165
164
162
161
160
160
160
159
159
156
156
155
155
155
153
152
150
150
148
147
146
145
143
143
140
140
140
138
137
137
137
137
136
136
135
134
134
133
133
133
132
131
130
130
129
129
129
129
129
127
124
123
123
123
122
122
122
122
121
121
121
121
119
119
118
118
118
117
117
117
117
116
116
115
115
113
113
112
111
111
110
110
110
110
110
110
109
109
108
108
107
105
105
103
103
101
101
100
