101
102
105
106
109
111
111
112
114
115
115
118
122
123
123
125
127
129
132
133
134
147
150
150
152
153
154
154
156
160
160
161
161
163
164
165
167
168
173
177
177
178
179
180
180
182
182
184
189
190
191
194
196
198
199
201
203
205
208
210
212
212
219
220
224
225
225
228
237
240
241
242
243
248
252
252
255
255
257
258
258
258
259
259
260
262
264
266
270
273
274
279
282
283
284
285
285
287
295
296
298
298
299
300
301
304
304
306
308
314
316
317
319
319
319
321
322
323
326
326
330
331
339
342
346
347
348
348
349
353
354
356
356
361
363
363
365
375
376
376
377
377
380
385
385
386
387
390
392
396
398
398
398
399
401
401
401
402
404
405
410
410
411
411
413
413
414
416
417
419
420
424
425
429
430
433
433
434
435
438
443
445
446
451
451
455
455
456
457
459
459
461
461
466
471
474
480
482
482
485
490
491
494
495
495
498
500
500
501
504
505
508
511
513
514
515
515
519
522
524
525
533
533
534
536
536
538
540
541
541
542
543
544
550
550
552
554
554
558
558
559
560
560
560
562
563
566
569
569
569
571
571
571
572
572
573
575
579
582
582
584
587
593
593
595
597
601
601
601
603
603
604
606
609
611
611
616
621
623
624
624
628
635
636
637
640
644
644
644
645
646
649
654
655
657
659
659
659
660
661
662
663
664
664
666
669
670
675
679
681
682
682
686
687
687
689
689
690
693
695
695
695
696
696
697
698
702
702
702
704
704
707
708
711
711
714
714
717
719
720
720
731
732
733
734
736
738
739
739
742
743
753
757
762
764
765
767
768
771
771
774
776
776
780
782
783
784
785
785
785
788
790
791
791
792
797
801
806
806
807
807
808
808
809
810
813
815
818
818
819
819
819
820
821
826
826
829
831
832
834
837
838
838
842
843
845
847
848
848
850
862
864
864
865
866
866
866
875
875
876
876
877
877
878
879
885
886
887
888
891
892
893
895
899
901
904
906
907
910
910
911
913
915
917
917
917
919
920
920
922
923
923
924
928
928
928
930
931
932
934
935
935
935
940
943
946
948
949
949
953
954
956
956
957
957
960
960
965
966
967
968
973
973
977
978
979
979
980
983
983
984
986
986
987
988
994
995
997
997
998
