494
563
604
339
196
319
808
966
682
504
702
163
132
659
114
862
819
717
771
273
416
928
582
106
838
455
411
375
154
115
505
980
878
895
480
451
979
930
306
559
644
774
299
886
595
316
433
552
968
621
550
864
105
495
689
928
396
569
960
118
513
888
558
979
593
390
953
321
948
818
274
182
349
689
910
866
558
790
832
459
508
831
987
179
864
296
451
838
973
210
960
456
178
198
536
984
848
675
308
411
720
879
189
534
417
956
662
485
695
180
875
363
285
287
363
160
501
739
743
365
420
696
809
560
300
624
659
323
266
404
401
541
554
711
988
711
434
681
704
810
314
455
848
536
376
125
180
219
826
655
923
326
201
965
575
112
666
603
385
623
593
920
847
443
348
587
298
922
435
152
579
377
342
262
877
686
957
891
819
153
109
733
923
609
252
934
429
255
544
399
785
818
932
438
635
538
768
954
490
935
820
257
122
301
225
554
255
935
695
893
111
582
168
885
875
978
347
571
398
258
640
191
845
491
298
150
865
241
986
356
762
543
690
319
679
606
457
542
611
317
771
165
242
919
177
525
943
304
806
997
356
719
797
194
284
736
398
657
515
983
260
784
240
258
913
663
252
392
834
177
295
906
123
167
482
258
601
887
500
522
714
413
228
682
611
997
807
742
541
430
533
471
628
646
413
433
208
904
572
911
732
156
687
461
813
101
931
285
154
353
212
910
877
150
424
386
264
533
380
907
866
791
946
661
829
566
584
601
461
259
892
782
511
346
134
603
123
660
203
326
190
821
765
698
696
147
697
637
702
270
322
776
405
319
901
664
354
410
753
843
560
788
111
419
446
243
714
815
876
792
524
708
304
785
899
995
664
949
127
601
414
826
940
801
757
283
734
669
115
129
220
687
361
956
917
398
776
550
819
767
376
102
459
949
474
348
182
649
597
540
928
330
560
515
967
731
998
402
654
702
645
837
917
920
377
224
659
935
184
482
569
164
282
569
466
876
720
160
199
425
780
385
783
807
401
410
842
924
917
225
562
500
519
707
161
237
785
259
445
695
806
693
248
624
498
387
571
161
983
572
571
212
644
915
704
616
173
636
808
279
866
738
986
514
401
994
739
205
670
977
957
331
850
133
764
573
495
644
973
791
