100
101
101
103
103
105
105
107
108
108
109
109
110
110
110
110
110
110
111
111
112
113
113
115
115
116
116
117
117
117
117
118
118
118
119
119
121
121
121
121
122
122
122
122
123
123
123
124
127
129
129
129
129
129
130
130
131
132
133
133
133
134
134
135
136
136
137
137
137
137
138
140
140
140
143
143
145
146
147
148
150
150
152
153
155
155
155
156
156
159
159
160
160
160
161
162
164
165
167
169
170
171
171
172
172
172
172
173
173
176
176
176
176
176
177
178
178
180
181
182
182
183
184
184
185
186
186
186
186
187
188
188
191
192
193
193
194
195
196
198
199
199
199
202
202
204
205
207
208
208
209
210
211
211
212
212
215
218
218
218
218
218
220
220
221
221
222
223
223
223
223
224
224
225
226
227
230
231
232
232
232
233
234
235
235
237
238
239
240
241
241
241
241
241
242
243
243
244
244
245
246
247
247
248
252
254
255
256
256
257
259
260
260
262
262
262
264
266
266
266
266
266
268
269
272
272
272
272
273
274
275
276
277
277
278
280
280
282
285
285
285
286
286
288
289
291
291
292
295
296
296
297
298
299
300
300
301
301
303
304
305
305
306
306
307
307
309
310
311
311
314
314
315
317
317
319
320
320
320
321
321
322
323
327
329
329
330
330
331
331
332
333
333
334
334
335
336
337
338
338
339
340
341
342
343
344
345
345
346
346
350
350
350
351
353
355
356
360
361
361
363
363
363
364
365
366
366
367
367
368
369
369
370
371
372
373
373
373
374
375
376
376
378
378
379
379
380
381
381
383
385
385
386
386
391
391
391
393
394
394
395
395
397
399
400
402
402
404
405
406
406
407
408
408
408
409
409
410
410
411
411
415
417
419
420
421
421
422
422
424
424
425
425
426
427
429
431
434
435
436
437
437
438
438
439
439
440
440
440
441
442
443
444
445
446
447
447
449
449
450
451
454
454
454
457
458
461
461
461
464
466
466
467
468
469
470
470
470
473
475
476
477
479
479
480
480
481
482
482
484
485
485
486
487
487
489
494
496
497
498
498
499
500
501
501
501
502
503
503
504
505
506
506
507
507
508
509
509
510
511
512
513
513
513
513
515
515
516
516
516
520
521
521
521
521
522
524
525
526
526
527
528
530
530
530
532
532
534
535
535
537
538
539
539
539
540
543
545
545
546
547
547
548
552
553
553
553
554
554
554
555
556
556
556
556
558
558
558
559
561
562
562
563
563
566
567
568
568
569
569
570
573
573
574
574
574
575
575
576
576
576
576
577
580
581
581
581
581
583
583
584
585
585
586
587
588
589
590
591
592
593
593
593
594
594
595
595
596
596
596
596
597
598
598
598
598
599
600
603
604
605
605
605
606
606
608
612
613
614
614
616
617
618
619
619
621
623
623
624
624
626
626
628
629
631
631
632
634
636
637
638
639
639
640
641
645
646
646
649
649
649
650
650
653
654
655
656
656
657
659
659
660
661
661
661
661
661
662
663
663
663
664
665
666
668
668
670
671
672
672
673
673
673
674
674
675
675
675
676
678
679
681
681
682
683
683
684
685
685
692
693
694
695
695
695
697
698
701
703
706
706
707
708
708
708
708
708
709
710
710
711
711
711
712
713
716
718
718
718
720
724
725
726
726
726
728
729
730
730
730
730
732
732
733
733
733
734
735
735
737
737
738
738
738
741
742
743
745
745
749
749
750
751
751
751
752
753
753
754
754
755
757
757
757
758
760
761
763
766
766
767
768
768
768
769
770
771
773
773
773
775
775
775
776
777
777
779
780
780
782
782
782
783
784
785
786
787
788
791
793
793
793
793
793
796
796
798
798
798
799
799
799
799
800
802
805
805
808
808
811
812
813
814
815
816
816
817
817
817
818
818
820
820
821
822
822
824
827
828
828
832
832
833
833
834
834
835
836
837
838
838
842
843
843
844
844
845
846
846
848
849
852
853
854
858
858
859
860
863
866
867
869
869
870
870
873
878
878
879
879
880
880
880
880
880
881
881
884
885
886
886
887
889
890
891
892
892
893
894
894
897
897
898
898
899
901
902
904
905
905
906
906
907
907
907
908
910
911
911
912
913
913
915
915
917
922
923
925
927
928
928
929
930
931
932
933
933
933
934
935
935
937
940
940
941
942
942
944
944
945
945
946
947
947
947
948
950
954
955
957
958
959
960
962
962
963
966
967
967
968
969
969
970
970
975
977
978
979
984
984
985
986
988
988
988
989
990
990
991
992
993
994
994
995
997
997
997
998
998
998
