342
129
597
954
369
821
507
940
574
487
137
706
944
799
649
440
118
583
505
558
186
406
304
838
958
327
737
272
854
509
167
757
946
575
224
506
904
187
833
884
684
569
173
108
407
995
558
665
454
663
220
117
244
169
186
340
880
878
109
770
535
753
498
567
473
394
337
516
624
235
869
218
600
666
415
894
894
521
218
353
678
626
798
632
623
408
595
998
880
598
381
372
674
301
441
988
117
266
577
928
298
605
815
552
708
532
210
718
890
594
371
243
785
486
793
950
111
314
133
844
664
663
576
346
498
193
598
113
193
653
984
115
199
458
962
431
272
907
675
539
301
879
562
277
373
832
399
410
467
694
160
241
331
788
623
940
672
583
928
547
481
513
266
637
119
695
105
556
749
260
554
311
768
649
526
155
439
300
285
661
708
461
160
466
656
136
470
338
568
661
898
628
775
733
591
816
528
117
470
232
331
755
385
292
793
171
906
110
899
469
646
503
624
546
545
718
891
247
320
133
257
595
760
262
776
590
902
948
345
796
280
338
411
945
599
782
997
507
592
113
140
184
487
858
913
836
266
758
394
990
191
225
932
101
355
692
199
738
366
732
339
178
931
226
575
385
749
288
605
852
580
202
188
910
725
966
848
942
968
159
482
343
605
247
150
842
838
886
907
116
232
524
457
506
905
241
118
880
754
207
447
589
870
130
408
596
319
196
660
282
555
496
212
701
798
315
800
941
329
454
272
286
535
121
969
479
703
866
683
743
576
742
796
670
276
148
427
380
730
998
556
199
485
556
480
100
757
202
500
532
594
988
960
993
604
464
252
618
799
296
129
998
117
636
321
728
963
204
576
711
693
363
853
897
698
767
256
773
779
537
116
330
443
426
241
450
711
172
881
777
730
336
122
985
243
738
668
907
619
275
771
395
232
425
545
409
153
663
231
833
363
634
802
420
160
244
220
350
335
395
662
563
198
817
451
513
434
584
470
317
137
915
502
369
381
373
585
979
305
162
402
573
915
134
376
185
752
269
306
299
256
898
978
889
408
548
768
417
259
617
376
221
733
436
860
501
445
296
205
383
697
180
570
897
588
886
708
246
730
925
685
581
374
863
967
351
223
286
757
659
171
118
208
240
386
410
485
209
879
754
650
562
184
763
172
176
143
947
944
130
307
289
641
639
449
824
922
827
650
530
522
437
734
773
845
186
402
596
735
215
991
769
140
291
176
346
132
323
935
501
846
674
429
391
681
489
170
321
513
709
547
446
303
333
273
554
927
320
503
397
285
913
475
543
761
661
911
638
444
504
425
814
766
334
222
223
405
553
350
280
843
945
654
614
421
176
843
438
988
933
442
530
751
969
264
805
277
901
649
930
671
959
516
706
934
737
975
682
181
822
738
223
422
525
656
596
539
735
935
540
614
356
942
437
834
645
911
574
366
710
494
730
675
766
812
454
986
751
438
733
361
241
768
192
364
274
962
334
957
237
992
977
322
391
361
406
596
846
297
558
685
123
439
822
673
311
211
511
598
676
849
103
716
818
521
212
816
586
218
873
527
108
165
254
967
266
581
329
553
593
554
468
360
501
137
947
612
400
510
461
363
367
989
393
990
262
124
869
307
268
235
808
194
138
482
176
679
724
526
479
103
122
828
164
593
345
799
419
675
683
344
892
182
278
156
121
793
143
260
515
726
121
350
152
461
177
449
188
110
224
695
708
668
608
155
123
306
330
110
753
208
112
146
994
585
933
569
784
606
775
218
799
817
440
110
835
881
248
576
933
726
378
732
782
970
509
566
333
101
477
880
424
476
320
136
887
673
820
994
553
314
832
655
726
710
539
379
227
673
893
121
844
606
805
813
929
626
245
520
310
147
234
110
657
440
221
332
568
787
811
497
783
672
777
295
834
370
305
172
182
466
135
368
150
379
516
563
818
373
793
255
241
997
593
793
629
859
745
782
885
905
708
619
156
484
230
937
404
970
172
912
110
659
573
923
621
378
421
892
561
711
707
173
556
122
129
530
107
521
791
233
242
161
512
581
750
317
947
109
285
195
422
115
176
917
499
741
123
720
661
661
145
780
574
341
817
375
266
178
508
798
603
409
515
186
119
808
820
133
134
127
559
365
713
598
218
786
538
272
908
718
867
775
878
155
480
223
640
681
858
122
780
521
880
631
613
581
137
386
424
751
183
291
211
587
729
111
695
534
616
239
129
309
639
391
773
870
411
435
837
447
513
367
712
984
300
745
140
906
238
131
955
129
631
105
646
828
159
997
262
