414
755
630
373
811
257
562
947
663
877
227
282
604
724
864
868
375
478
691
605
207
419
498
411
678
246
913
409
820
692
274
759
163
282
830
625
505
712
903
552
848
158
584
211
364
336
251
950
130
343
284
542
354
704
607
584
594
239
575
952
982
151
644
741
509
880
863
955
342
366
975
923
918
779
360
633
513
135
226
176
707
645
128
761
613
160
191
974
718
499
953
905
869
339
126
918
417
848
172
231
875
829
104
961
558
906
731
579
623
460
245
591
295
582
951
820
537
646
878
134
821
552
331
490
553
715
814
831
856
395
212
353
317
472
119
833
103
373
876
366
990
844
536
705
939
955
469
230
391
877
491
827
614
748
461
746
419
400
762
246
686
861
979
821
918
758
217
501
302
625
183
496
293
775
854
146
495
350
369
775
891
626
173
125
985
972
324
288
291
400
489
775
880
551
456
717
277
197
153
273
518
396
677
768
689
689
343
949
109
536
923
964
476
638
943
420
955
481
928
388
585
656
716
527
857
710
587
920
871
231
953
685
752
603
677
527
522
477
338
963
221
403
323
603
901
980
469
864
266
659
423
379
980
923
321
675
458
907
878
241
914
542
455
798
289
472
377
929
759
933
185
983
390
908
543
200
456
506
875
735
388
811
246
489
224
970
827
553
327
961
318
788
734
883
772
329
170
187
447
235
857
908
481
414
252
362
827
585
912
156
562
329
357
466
686
393
656
105
304
181
735
372
431
950
385
435
684
206
490
157
868
131
249
107
254
352
698
728
395
960
289
175
665
273
934
117
278
699
356
531
106
308
617
700
447
313
178
993
849
641
620
524
885
571
958
296
650
591
775
653
488
776
249
257
929
167
887
380
821
147
823
117
130
884
441
946
803
294
532
469
248
338
555
876
986
244
534
447
762
463
216
425
321
933
219
817
309
148
704
481
921
249
474
699
597
660
795
375
567
503
265
127
943
414
685
202
610
869
517
197
867
792
395
848
474
701
730
882
497
880
229
565
556
236
969
413
463
604
306
656
484
734
492
341
472
460
895
663
576
912
724
839
505
679
103
548
203
273
692
717
679
173
116
632
473
345
263
639
549
354
982
132
855
474
663
174
659
214
783
790
335
331
967
235
371
813
555
703
377
838
283
165
606
618
822
600
901
822
280
580
601
283
275
906
530
440
216
792
458
562
113
606
857
144
283
556
833
703
714
999
337
384
472
818
298
356
908
586
499
255
414
164
174
200
474
862
637
742
460
990
715
272
382
677
529
421
904
943
684
639
950
304
382
516
961
315
874
267
983
522
917
428
256
470
641
972
322
307
429
173
384
152
156
141
321
484
290
306
741
300
608
273
613
278
886
914
154
358
199
586
655
886
795
602
741
779
222
967
356
736
556
215
782
536
607
176
616
618
884
956
499
302
578
134
342
200
728
300
756
559
466
443
224
965
777
124
127
348
947
828
372
225
267
283
520
778
726
596
754
708
341
612
215
542
177
654
989
124
456
344
283
611
693
327
785
942
655
354
995
415
537
369
718
748
233
381
206
424
776
359
599
267
682
694
517
185
941
534
977
654
277
785
717
881
256
280
968
602
336
523
371
124
714
196
209
419
195
395
709
192
407
417
386
664
449
414
519
764
835
724
174
253
959
180
367
531
835
107
193
972
135
113
781
776
430
858
568
357
438
500
978
651
274
892
944
123
960
626
427
192
641
533
401
871
479
484
366
364
496
721
362
782
395
565
824
404
132
409
295
980
791
901
611
227
278
278
545
649
189
691
783
500
688
266
756
301
775
142
593
490
589
306
560
346
423
909
373
277
841
316
453
324
751
893
827
642
727
271
976
771
373
969
124
499
491
479
372
952
338
922
312
928
278
610
997
277
366
817
601
823
758
771
787
677
730
851
278
864
128
923
333
218
540
142
970
372
424
563
494
862
521
556
846
618
292
854
864
420
598
287
630
483
204
745
567
156
831
837
980
294
402
514
447
318
965
852
740
188
916
259
481
222
376
923
367
274
603
881
919
816
439
452
708
186
473
952
551
692
745
344
969
372
620
161
133
119
649
275
886
438
973
483
338
932
716
242
619
946
125
915
899
183
699
102
211
852
217
754
676
947
779
951
682
111
872
543
356
839
428
711
961
999
520
794
764
980
301
803
360
122
244
651
749
931
146
549
362
214
153
675
676
261
398
217
566
852
955
655
635
636
898
600
101
326
276
672
738
747
347
710
733
643
471
377
290
894
295
804
891
675
801
654
924
113
605
188
706
450
186
384
159
412
574
174
544
261
948
130
717
535
269
261
957
953
614
508
895
593
529
181
501
279
435
312
794
418
239
838
687
276
141
613
942
830
567
117
563
278
851
545
667
124
834
445
551
862
486
451
208
822
641
232
277
116
472
349
856
541
596
927
571
756
426
850
387
465
495
461
232
939
956
323
116
349
354
768
873
349
729
400
570
457
901
602
104
247
279
569
791
536
379
893
307
725
957
678
292
478
905
606
212
390
257
676
231
404
994
901
594
375
265
650
585
792
551
507
723
354
304
822
230
821
775
562
259
609
881
535
764
512
534
463
767
971
372
837
726
774
910
756
388
333
276
234
404
199
119
444
604
619
936
380
725
262
850
682
168
434
415
917
672
216
988
922
998
754
459
689
587
988
110
788
656
217
304
291
933
717
363
517
246
122
692
230
734
795
374
192
129
758
208
905
117
994
846
943
110
609
465
928
825
298
240
715
364
313
877
455
567
458
541
800
405
871
916
197
742
563
172
903
899
230
933
517
432
778
792
280
696
694
996
746
257
383
995
269
619
226
966
875
255
647
501
112
542
349
822
792
500
790
895
715
831
568
400
588
800
723
868
620
553
764
710
240
510
180
358
175
359
818
156
847
677
279
300
424
198
493
847
780
991
265
220
549
228
973
795
170
503
435
654
651
919
713
244
345
447
837
458
645
373
983
152
387
562
905
944
692
599
698
835
381
322
865
177
714
527
856
848
463
499
617
578
361
537
438
952
293
722
995
157
105
345
940
203
216
618
847
862
811
176
935
246
188
639
693
290
194
102
998
818
866
712
540
739
149
739
828
284
700
459
386
466
446
625
353
859
180
492
429
691
399
218
611
391
315
870
947
862
654
200
433
511
654
258
245
868
174
865
475
874
572
454
972
275
797
620
277
742
586
457
238
198
497
848
340
586
669
487
411
162
786
297
753
219
884
594
265
506
822
197
715
967
841
308
189
418
525
118
826
751
169
621
511
823
108
822
346
838
546
804
973
860
764
876
744
981
218
787
669
307
697
122
992
361
922
273
636
758
661
828
872
392
585
361
747
345
144
257
890
254
253
186
766
467
637
138
241
578
880
214
343
873
244
222
747
279
900
638
172
201
147
950
658
623
322
682
440
375
416
878
220
174
252
295
133
915
735
833
612
544
435
582
979
904
188
885
628
766
335
429
249
528
413
770
152
639
541
507
941
575
433
196
846
326
538
853
624
352
513
214
963
806
884
978
508
983
206
746
334
106
901
838
965
562
276
381
309
266
345
379
342
297
435
307
746
614
227
935
608
470
308
923
874
850
901
338
238
377
516
644
276
774
242
777
847
449
966
324
971
797
367
102
290
457
852
721
987
424
985
485
115
549
627
492
654
210
881
150
536
369
103
618
767
301
455
756
449
772
573
659
786
634
282
201
420
222
181
405
979
858
771
256
509
734
763
882
924
981
119
168
321
616
553
713
533
373
603
688
787
988
424
258
952
175
155
901
214
228
292
968
251
890
408
176
770
135
327
233
626
659
511
668
388
222
230
223
856
849
245
616
190
790
881
827
185
608
198
442
192
627
263
153
452
952
483
643
322
547
112
151
654
508
586
414
656
851
362
750
933
312
498
768
382
790
966
346
721
243
767
814
619
252
331
870
376
443
263
433
265
503
485
610
511
647
554
260
344
152
567
494
669
434
820
933
183
732
915
243
128
962
772
213
440
507
677
638
218
858
449
251
347
344
890
487
593
765
387
667
164
716
890
468
990
674
518
970
243
631
444
184
455
497
823
130
941
490
429
170
643
152
739
190
656
322
494
119
197
162
821
356
251
358
476
130
779
400
486
629
792
332
858
295
505
231
289
959
639
433
495
465
292
817
333
124
837
722
843
482
250
711
985
578
102
617
958
454
342
335
657
513
522
197
168
904
921
625
894
531
286
867
318
138
710
197
448
325
429
410
653
800
871
150
749
610
559
192
184
911
597
624
394
549
190
213
146
715
516
472
629
974
908
220
256
172
692
816
770
504
339
107
720
876
950
896
609
679
600
293
551
285
686
935
897
496
150
237
998
594
912
872
492
502
268
731
591
788
761
238
619
875
930
491
959
949
660
182
884
610
665
324
481
412
316
776
635
674
803
448
763
398
611
435
656
718
345
194
756
351
674
951
353
751
338
518
364
875
582
226
248
495
805
986
509
241
523
942
907
214
579
239
338
509
992
607
459
655
653
126
594
791
741
676
285
953
214
470
798
434
171
617
780
696
851
409
606
922
155
685
825
941
443
927
628
914
830
424
415
931
769
658
938
657
681
897
728
157
892
731
203
763
933
831
642
261
818
406
418
321
695
513
626
673
521
590
822
489
938
488
861
938
398
154
816
992
497
324
473
459
380
788
437
612
833
270
484
976
623
352
639
357
493
708
700
255
558
825
489
126
942
866
815
749
559
454
285
629
677
271
879
563
778
249
938
924
631
327
168
836
938
293
100
162
931
969
857
907
592
241
107
672
774
125
674
554
492
640
782
724
821
369
300
903
517
998
711
645
534
376
227
341
658
673
291
275
214
291
705
907
966
765
910
203
591
874
623
320
198
931
309
501
291
796
425
875
329
564
539
851
686
285
836
920
902
488
203
750
882
652
260
591
749
678
464
515
920
251
180
576
497
499
538
428
889
239
257
814
438
124
919
111
966
457
119
879
237
172
396
396
447
140
783
387
897
482
165
341
330
415
657
720
612
913
642
221
757
371
204
576
676
123
228
864
130
295
775
571
924
195
994
739
262
695
437
861
430
881
366
503
526
382
653
260
486
803
348
664
203
668
105
160
826
628
308
727
562
488
733
594
992
798
801
311
206
781
970
303
936
995
226
272
867
672
771
268
609
659
525
266
554
633
170
545
288
996
577
228
660
130
228
217
937
147
247
864
796
885
227
625
501
395
482
270
315
988
453
567
288
643
381
229
530
462
361
260
673
678
470
859
940
359
103
521
743
811
956
304
130
231
181
894
462
466
155
183
502
816
451
741
623
434
302
655
947
122
879
273
516
239
295
664
473
117
339
575
732
272
136
260
949
932
795
982
690
593
667
311
925
253
114
471
525
197
402
569
642
464
193
104
120
810
527
840
739
246
608
136
838
550
504
364
825
658
404
946
488
869
295
632
669
163
304
992
150
872
208
870
726
952
482
475
326
160
416
870
713
597
146
765
103
961
624
873
576
833
825
633
628
539
548
101
347
747
236
480
955
196
363
303
960
323
709
765
599
696
427
183
266
972
565
881
898
996
776
101
305
653
989
408
201
255
161
664
677
349
845
461
593
642
959
665
852
171
715
310
949
586
398
932
207
491
771
926
780
728
953
182
160
336
705
305
896
962
123
707
369
784
275
749
612
488
994
528
991
653
144
815
471
409
631
202
732
776
222
671
753
540
874
462
430
989
138
309
706
315
827
422
551
287
394
898
901
412
747
888
991
927
288
894
613
129
503
441
109
371
608
332
277
182
235
108
951
208
423
858
457
112
343
205
412
194
934
997
644
405
793
242
371
705
757
741
569
790
904
321
791
177
546
117
585
750
970
948
749
492
897
872
662
453
121
171
271
140
160
872
409
519
326
691
557
239
878
717
991
148
596
212
439
120
418
905
131
589
747
633
606
798
157
505
403
431
110
799
374
688
256
423
858
928
218
759
805
529
417
164
738
211
906
695
287
538
215
635
166
430
189
426
442
904
946
527
929
842
413
204
813
780
340
187
781
430
902
150
655
156
521
955
137
619
733
392
221
199
318
835
637
638
414
615
534
608
861
126
493
819
461
630
772
818
508
318
758
553
475
221
806
441
395
449
877
341
786
323
389
835
705
765
804
495
806
649
254
948
389
335
200
997
209
767
693
560
699
702
745
910
230
179
618
926
497
891
727
498
848
385
330
214
371
793
996
406
606
405
632
251
363
486
193
596
664
897
177
850
680
386
585
156
512
715
339
488
556
124
176
214
865
564
135
722
587
589
979
728
732
770
844
297
548
293
551
136
135
166
600
173
269
844
741
788
398
644
852
463
525
529
301
788
451
561
927
182
275
247
353
826
424
861
329
122
250
348
620
771
606
371
760
425
669
456
560
659
305
991
957
814
847
195
859
194
433
552
169
893
612
739
982
152
408
856
221
834
949
158
372
251
836
988
845
323
637
923
356
921
319
282
271
109
254
506
404
404
110
372
700
893
857
978
636
451
894
562
523
763
159
890
179
807
484
710
331
726
972
398
123
695
554
875
548
227
990
461
227
538
140
715
187
752
705
522
364
991
692
904
185
725
813
257
817
166
859
118
598
289
234
349
268
960
827
212
941
500
752
211
425
137
250
971
610
680
163
694
397
319
156
230
126
527
170
219
103
785
495
975
579
342
579
940
774
575
570
288
669
162
169
331
693
863
780
884
871
576
554
529
766
940
754
759
168
178
551
509
539
410
850
347
727
990
329
246
585
617
758
256
122
137
595
403
439
323
838
627
425
283
345
148
355
721
357
836
701
444
497
490
999
870
529
246
912
139
259
883
814
853
666
954
390
547
328
538
927
515
290
216
436
983
201
753
669
725
462
927
974
912
552
332
330
878
538
397
340
850
216
670
984
930
250
652
307
244
961
418
445
306
174
937
663
512
158
353
835
662
136
826
305
988
275
618
282
778
756
237
399
917
455
616
884
892
951
926
934
170
452
357
496
728
635
705
166
595
631
505
926
874
978
694
422
221
871
367
565
299
233
230
528
666
507
523
857
126
428
167
359
639
819
796
512
605
886
445
936
817
943
695
108
934
621
526
827
642
853
695
422
142
419
713
612
184
970
231
509
127
114
795
419
646
765
217
902
497
299
799
957
905
769
128
412
281
843
736
684
341
924
588
441
198
511
966
903
372
122
168
345
292
397
518
158
998
220
487
913
579
614
857
984
551
924
654
833
874
615
269
932
761
986
107
978
676
226
303
363
617
663
341
933
235
522
904
297
477
618
720
326
536
279
715
756
343
760
913
655
170
170
341
326
716
976
219
818
769
106
297
636
302
480
445
485
534
530
883
739
320
887
372
471
592
708
655
823
236
296
613
296
534
791
301
699
542
122
147
545
239
237
919
345
527
736
196
768
996
705
371
995
826
878
754
968
952
172
556
106
939
770
519
584
862
337
919
751
163
932
352
758
331
103
508
406
663
688
790
644
950
363
520
831
893
506
477
296
581
511
417
879
130
916
880
452
145
678
701
863
988
797
334
490
406
458
469
578
529
824
293
625
664
450
598
253
473
923
112
185
702
568
225
478
594
669
979
266
341
973
522
936
834
930
261
370
203
926
286
731
994
833
945
464
289
981
481
600
559
517
788
329
419
656
927
332
590
592
700
867
485
155
396
254
771
222
124
595
528
528
872
543
303
489
498
563
827
489
688
473
690
129
303
534
665
940
242
821
639
628
527
148
918
554
958
275
489
128
915
943
562
228
937
315
531
773
877
905
821
212
826
887
284
403
268
380
280
953
393
858
639
878
869
653
541
939
679
440
201
774
630
996
801
312
778
225
761
708
861
222
476
393
966
748
198
259
872
913
406
232
759
397
806
804
705
297
598
587
505
519
956
895
398
596
814
685
905
687
380
728
694
777
600
416
543
652
914
984
373
267
110
981
664
466
134
458
955
416
577
878
618
466
691
690
935
525
831
494
879
256
815
865
625
773
871
958
184
612
941
660
214
300
339
156
576
723
490
133
882
540
645
808
128
516
398
406
122
710
855
683
185
940
276
968
559
490
131
975
157
711
853
504
464
863
886
679
844
841
126
243
109
592
699
840
580
594
622
952
710
451
898
463
226
251
439
240
851
548
504
302
847
176
345
647
887
593
296
376
654
313
918
523
870
607
549
667
697
855
879
227
245
675
542
313
240
573
748
606
607
389
936
688
755
281
918
624
428
630
484
935
809
284
532
358
582
687
322
806
340
647
206
483
126
118
525
705
647
755
138
401
726
589
866
749
124
271
686
999
533
455
791
900
436
214
112
239
840
269
190
820
198
401
629
609
481
727
954
155
315
533
792
887
857
896
517
153
292
716
210
710
588
263
348
577
220
153
496
735
442
323
331
457
800
145
959
336
673
690
639
695
358
675
412
394
184
285
514
423
563
785
456
944
789
849
686
875
457
554
454
799
334
378
203
122
853
940
712
177
924
290
259
975
952
652
927
383
234
851
826
567
713
250
979
229
725
129
451
566
241
502
556
799
686
271
754
668
304
248
657
682
575
787
341
387
182
129
319
936
718
212
835
139
108
808
130
556
904
681
257
973
464
676
955
363
886
313
547
715
931
117
887
123
157
817
381
713
309
691
870
975
981
352
526
712
664
438
889
232
886
411
561
983
755
226
310
965
662
797
220
494
853
298
911
504
103
227
870
804
766
583
546
499
797
476
110
392
115
571
727
441
356
544
659
382
229
183
318
622
533
814
865
518
969
580
879
293
570
527
164
474
374
481
794
352
472
898
761
243
814
895
584
350
408
344
610
722
277
794
583
524
677
904
831
468
820
657
325
886
595
170
566
129
692
489
171
411
282
852
186
148
765
684
581
527
566
152
690
101
365
875
904
189
933
527
857
121
982
216
740
682
175
854
238
617
579
958
797
700
132
126
117
286
164
340
452
285
525
157
159
781
372
998
190
936
118
265
424
485
270
149
265
203
768
554
640
597
896
831
629
935
341
924
532
138
984
481
202
659
315
285
762
823
443
593
998
593
980
642
638
674
384
395
317
220
623
276
687
448
417
711
368
286
852
952
392
421
466
331
993
397
692
317
557
350
171
688
802
119
965
273
136
395
868
700
727
115
234
237
138
984
982
761
679
969
665
228
414
742
154
857
847
287
156
230
560
834
705
558
575
564
320
536
211
875
600
710
519
965
817
767
509
610
258
618
551
359
202
916
659
178
738
911
485
497
293
765
818
106
782
915
112
240
510
573
273
595
403
281
698
752
318
741
805
795
940
444
369
432
284
191
154
784
733
813
380
855
537
619
311
197
183
111
764
229
167
610
725
265
483
918
978
595
433
730
687
972
364
389
714
331
449
418
332
524
780
746
746
438
364
159
676
997
713
471
304
207
266
109
672
816
795
243
323
411
371
986
253
862
158
293
499
856
181
670
599
824
968
290
841
997
808
870
252
446
212
454
617
800
517
636
347
717
729
178
420
197
728
540
953
323
805
503
710
176
372
160
431
857
188
865
303
703
801
516
958
341
282
530
313
758
490
863
170
718
820
964
373
641
389
137
424
327
941
216
292
575
509
999
786
146
208
315
709
720
942
232
989
676
747
292
169
663
964
790
925
723
192
795
626
355
861
886
152
558
474
554
345
113
578
386
351
494
973
303
156
299
283
147
344
507
633
287
692
553
995
793
567
478
517
186
808
536
924
442
758
838
325
652
455
719
506
119
107
946
627
441
672
201
550
620
270
835
277
473
810
473
618
898
252
492
304
259
503
847
508
209
211
974
603
286
643
303
716
126
923
162
272
740
545
944
681
106
239
517
955
701
383
361
165
277
692
480
210
357
244
928
302
171
360
835
793
912
846
400
212
330
474
829
833
686
388
375
595
456
545
509
243
526
247
141
718
574
536
733
482
385
941
330
676
244
200
654
180
640
615
534
293
932
283
790
168
342
415
463
679
724
631
225
195
135
675
957
273
452
371
109
419
671
818
474
840
959
158
647
290
224
842
907
383
224
388
597
286
774
654
826
608
214
334
422
452
606
969
325
948
264
660
551
754
256
690
534
919
763
303
865
361
287
317
817
394
721
536
498
403
202
479
572
186
850
463
916
574
794
174
109
195
654
790
136
878
807
454
747
660
748
580
373
239
565
599
895
608
227
700
336
114
276
168
377
407
759
894
317
794
733
716
323
254
480
154
736
767
860
315
548
155
610
378
244
791
276
324
172
890
216
922
588
995
879
888
274
253
696
697
492
302
771
569
365
724
360
360
616
452
175
428
528
803
222
110
485
956
513
525
573
121
943
480
913
328
550
400
382
907
783
281
453
253
929
941
461
358
148
455
751
604
734
769
118
181
546
328
788
413
568
291
823
360
384
882
737
352
740
695
947
291
175
176
367
697
482
693
651
889
229
485
571
649
750
333
897
650
254
158
606
669
777
739
499
424
592
982
959
638
384
552
815
438
553
920
394
432
465
877
885
275
345
775
227
703
604
154
230
186
690
463
348
989
184
219
685
503
782
423
483
590
602
920
633
680
840
494
651
694
110
497
457
571
440
529
387
138
916
248
423
531
243
926
110
829
744
539
368
694
548
606
169
369
632
627
863
964
245
966
498
958
697
604
352
728
838
267
451
869
824
390
107
272
655
965
418
714
937
821
254
657
591
483
720
245
271
414
935
892
628
962
748
369
644
506
428
414
836
875
600
966
107
201
252
745
953
870
509
628
418
572
505
405
985
671
784
174
759
893
413
792
990
972
709
304
707
512
417
463
230
190
458
192
617
378
496
464
596
459
425
432
381
289
504
410
561
599
686
493
480
729
399
303
296
769
842
848
420
391
255
845
161
599
690
368
746
533
204
575
160
671
642
513
561
490
650
140
116
373
986
153
781
450
646
795
511
657
250
205
147
769
631
666
593
674
320
560
916
867
657
631
442
873
119
849
946
958
769
419
450
171
356
563
334
180
512
809
869
251
689
625
665
234
168
187
705
528
570
590
289
466
256
901
887
897
870
305
130
226
556
609
629
757
889
669
504
295
127
722
465
168
907
168
274
786
924
376
417
189
836
278
908
321
758
395
943
604
166
652
179
672
240
525
967
627
128
353
151
511
889
440
172
357
205
878
230
891
621
876
340
913
275
699
360
271
238
520
744
568
962
911
926
352
575
763
836
576
426
459
563
988
792
914
282
445
426
996
498
480
399
905
144
406
527
280
866
679
665
855
210
287
939
924
789
348
354
568
307
390
520
344
698
964
764
480
176
312
964
885
238
759
189
377
764
887
556
102
596
727
421
558
176
224
688
643
523
649
450
411
206
264
844
154
768
316
445
425
911
890
302
194
314
646
623
