998
997
997
995
994
988
987
986
986
984
983
983
980
979
979
978
977
973
973
968
967
966
965
960
960
957
957
956
956
954
953
949
949
948
946
943
940
935
935
935
934
932
931
930
928
928
928
924
923
923
922
920
920
919
917
917
917
915
913
911
910
910
907
906
904
901
899
895
893
892
891
888
887
886
885
879
878
877
877
876
876
875
875
866
866
866
865
864
864
862
850
848
848
847
845
843
842
838
838
837
834
832
831
829
826
826
821
820
819
819
819
818
818
815
813
810
809
808
808
807
807
806
806
801
797
792
791
791
790
788
785
785
785
784
783
782
780
776
776
774
771
771
768
767
765
764
762
757
753
743
742
739
739
738
736
734
733
732
731
720
720
719
717
714
714
711
711
708
707
704
704
702
702
702
698
697
696
696
695
695
695
693
690
689
689
687
687
686
682
682
681
679
675
670
669
666
664
664
663
662
661
660
659
659
659
657
655
654
649
646
645
644
644
644
640
637
636
635
628
624
624
623
621
616
611
611
609
606
604
603
603
601
601
601
597
595
593
593
587
584
582
582
579
575
573
572
572
571
571
571
569
569
569
566
563
562
560
560
560
559
558
558
554
554
552
550
550
544
543
542
541
541
540
538
536
536
534
533
533
525
524
522
519
515
515
514
513
511
508
505
504
501
500
500
498
495
495
494
491
490
485
482
482
480
474
471
466
461
461
459
459
457
456
455
455
451
451
446
445
443
438
435
434
433
433
430
429
425
424
420
419
417
416
414
413
413
411
411
410
410
405
404
402
401
401
401
399
398
398
398
396
392
390
387
386
385
385
380
377
377
376
376
375
365
363
363
361
356
356
354
353
349
348
348
347
346
342
339
331
330
326
326
323
322
321
319
319
319
317
316
314
308
306
304
304
301
300
299
298
298
296
295
287
285
285
284
283
282
279
274
273
270
266
264
262
260
259
259
258
258
258
257
255
255
252
252
248
243
242
241
240
237
228
225
225
224
220
219
212
212
210
208
205
203
201
199
198
196
194
191
190
189
184
182
182
180
180
179
178
177
177
173
168
167
165
164
163
161
161
160
160
156
154
154
153
152
150
150
147
134
133
132
129
127
125
123
123
122
118
115
115
114
112
111
111
109
106
105
102
101
